################################################################################################
### CosmicWatch: The Desktop Muon Detector
### Device ID: Sylvester
### Launch time: 15:28:35 4/9/2020
### Questions? Email Spencer N. Axani (saxani@mit.edu)
### Event Time Date TimeStamp[ms] ADC1 ADC2 SiPM[mV] Temp[C] Pressure[Pa] DeadTime[us] Coincident
################################################################################################
1	16:28:35	4/9/2020 	9	295.81	6.24	9.24	25.21	101356.77	5521	0	
2	16:28:35	4/9/2020 	17	759.51	110.05	26.15	25.21	101356.77	5936	0	
3	16:28:35	4/9/2020 	19	255.38	6.08	8.53	25.21	101356.77	1874	0	
4	16:28:35	4/9/2020 	28	598.40	11.04	17.70	25.21	101356.77	1872	0	
5	16:28:35	4/9/2020 	36	669.93	32.81	20.64	25.21	101356.77	2056	0	
6	16:28:35	4/9/2020 	49	583.07	9.39	17.14	25.21	101356.77	1873	0	
7	16:28:35	4/9/2020 	62	657.79	26.65	20.08	25.21	101356.77	1874	0	
8	16:28:35	4/9/2020 	69	666.68	36.02	20.49	25.21	101356.77	1874	0	
9	16:28:35	4/9/2020 	73	626.45	19.45	18.76	25.21	101356.77	1873	0	
10	16:28:35	4/9/2020 	82	253.50	6.27	8.50	25.21	101356.77	3844	0	
11	16:28:35	4/9/2020 	88	470.02	6.10	13.42	25.21	101356.77	1873	0	
12	16:28:35	4/9/2020 	99	653.68	24.81	19.90	25.21	101356.77	1873	0	
13	16:28:35	4/9/2020 	102	617.77	16.23	18.42	25.21	101356.77	1875	0	
14	16:28:35	4/9/2020 	115	573.59	8.93	16.81	25.21	101356.77	1869	0	
15	16:28:35	4/9/2020 	123	680.29	45.55	21.15	25.21	101356.77	1874	0	
16	16:28:35	4/9/2020 	124	362.80	5.98	10.57	25.21	101356.77	1874	0	
17	16:28:35	4/9/2020 	132	571.76	8.91	16.74	25.21	101356.77	3843	0	
18	16:28:35	4/9/2020 	147	804.90	172.59	30.24	25.21	101356.77	1874	0	
19	16:28:35	4/9/2020 	156	450.70	4.29	12.84	25.21	101356.77	1875	0	
20	16:28:35	4/9/2020 	165	496.36	6.79	14.24	25.21	101356.77	1871	0	
21	16:28:35	4/9/2020 	176	505.05	6.61	14.52	25.21	101356.77	1873	0	
22	16:28:35	4/9/2020 	188	652.88	24.13	19.86	25.21	101356.77	1875	0	
23	16:28:35	4/9/2020 	194	631.54	21.19	18.97	25.21	101356.77	1875	0	
24	16:28:35	4/9/2020 	200	619.75	17.80	18.50	25.21	101356.77	1875	0	
25	16:28:35	4/9/2020 	205	740.78	78.34	24.75	25.21	101356.77	3845	0	
26	16:28:35	4/9/2020 	208	541.17	7.57	15.70	25.21	101356.77	1874	0	
27	16:28:35	4/9/2020 	211	228.11	6.04	8.03	25.21	101356.77	1871	0	
28	16:28:35	4/9/2020 	219	249.15	5.93	8.42	25.21	101356.77	1875	0	
29	16:28:35	4/9/2020 	221	597.33	10.07	17.66	25.21	101356.77	1873	0	
30	16:28:35	4/9/2020 	229	442.29	6.79	12.60	25.21	101356.77	1875	0	
31	16:28:35	4/9/2020 	233	717.27	63.72	23.20	25.21	101356.77	1872	0	
32	16:28:35	4/9/2020 	237	758.30	106.50	26.06	25.21	101356.77	3844	0	
33	16:28:35	4/9/2020 	244	715.41	59.73	23.08	25.21	101356.77	1875	0	
34	16:28:35	4/9/2020 	247	312.61	6.35	9.55	25.21	101356.77	1875	0	
35	16:28:35	4/9/2020 	252	638.48	20.93	19.25	25.21	101356.77	1872	0	
36	16:28:35	4/9/2020 	255	850.71	219.02	35.37	25.21	101356.77	1874	0	
37	16:28:35	4/9/2020 	267	585.22	9.65	17.22	25.21	101356.77	1875	0	
38	16:28:35	4/9/2020 	272	451.25	6.38	12.86	25.21	101356.77	1905	0	
39	16:28:35	4/9/2020 	287	317.41	5.10	9.64	25.21	101356.77	3896	0	
40	16:28:35	4/9/2020 	290	603.94	12.04	17.90	25.21	101356.77	1872	0	
41	16:28:35	4/9/2020 	304	619.03	13.02	18.47	25.21	101356.77	2257	0	
42	16:28:35	4/9/2020 	313	350.79		10.30	25.21	101356.77	1875	0	
43	16:28:35	4/9/2020 	330	590.03	10.80	17.39	25.21	101356.77	1859	0	
44	16:28:35	4/9/2020 	333	363.92	6.30	10.59	25.21	101356.77	1874	0	
45	16:28:36	4/9/2020 	360	357.22	6.10	10.44	25.21	101356.77	1873	0	
46	16:28:36	4/9/2020 	365	501.72	6.87	14.41	25.21	101356.77	1875	0	
47	16:28:36	4/9/2020 	373	793.81	167.91	29.15	25.21	101356.77	3841	0	
48	16:28:36	4/9/2020 	377	496.37	6.89	14.24	25.21	101356.77	1874	0	
49	16:28:36	4/9/2020 	383	637.58	21.54	19.21	25.21	101356.77	1873	0	
50	16:28:36	4/9/2020 	388	252.92	6.25	8.49	25.21	101356.77	1875	0	
51	16:28:36	4/9/2020 	392	717.03	55.40	23.18	25.21	101356.77	1873	0	
52	16:28:36	4/9/2020 	445	663.83	31.39	20.36	25.21	101356.77	1875	0	
53	16:28:36	4/9/2020 	457	783.44	156.21	28.18	25.21	101356.77	1875	0	
54	16:28:36	4/9/2020 	469	651.12	25.57	19.79	25.21	101356.77	3845	0	
55	16:28:36	4/9/2020 	482	695.18	33.30	21.92	25.21	101356.77	2303	0	
56	16:28:36	4/9/2020 	495	433.07	6.25	12.34	25.21	101356.77	1873	0	
57	16:28:36	4/9/2020 	500	650.82	24.86	19.77	25.21	101356.77	1872	0	
58	16:28:36	4/9/2020 	511	331.86	6.23	9.92	25.21	101356.77	1875	0	
59	16:28:36	4/9/2020 	513	725.40	72.32	23.71	25.21	101356.77	1872	0	
60	16:28:36	4/9/2020 	524	565.76	7.67	16.54	25.21	101356.77	1874	0	
61	16:28:36	4/9/2020 	528	544.42	7.05	15.81	25.21	101356.77	1872	0	
62	16:28:36	4/9/2020 	535	632.20	19.00	18.99	25.21	101356.77	3841	0	
63	16:28:36	4/9/2020 	541	683.19	41.38	21.29	25.21	101356.77	1875	0	
64	16:28:36	4/9/2020 	545	633.99	18.09	19.07	25.21	101356.77	1875	0	
65	16:28:36	4/9/2020 	561	382.02	6.33	11.01	25.21	101357.19	1874	0	
66	16:28:36	4/9/2020 	566	624.95	12.89	18.70	25.21	101357.19	1873	0	
67	16:28:36	4/9/2020 	573	512.36	6.70	14.75	25.21	101357.19	1874	0	
68	16:28:36	4/9/2020 	577	376.85	6.11	10.89	25.21	101357.19	1871	0	
69	16:28:36	4/9/2020 	599	524.54	7.04	15.15	25.21	101357.19	3842	0	
70	16:28:36	4/9/2020 	608	529.66	6.90	15.32	25.21	101357.19	1870	0	
71	16:28:36	4/9/2020 	613	722.37	55.78	23.52	25.21	101357.19	1871	0	
72	16:28:36	4/9/2020 	637	813.11	171.67	31.09	25.21	101357.19	1875	0	
73	16:28:36	4/9/2020 	653	649.03	21.90	19.70	25.21	101357.19	1874	0	
74	16:28:36	4/9/2020 	658	268.58	6.19	8.76	25.21	101357.19	2298	0	
75	16:28:36	4/9/2020 	668	714.85	62.48	23.05	25.21	101357.19	1873	0	
76	16:28:36	4/9/2020 	678	480.84	6.60	13.75	25.21	101357.19	3845	0	
77	16:28:36	4/9/2020 	686	732.75	79.70	24.20	25.21	101357.19	1872	0	
78	16:28:36	4/9/2020 	690	753.85	102.36	25.71	25.21	101357.19	1875	0	
79	16:28:36	4/9/2020 	694	590.16	9.91	17.40	25.21	101357.19	1874	0	
80	16:28:36	4/9/2020 	705	778.90	138.12	27.78	25.21	101357.19	1874	0	
81	16:28:36	4/9/2020 	707	804.01	169.96	30.15	25.21	101357.19	1874	0	
82	16:28:36	4/9/2020 	711	507.61	6.27	14.60	25.21	101357.19	1874	0	
83	16:28:36	4/9/2020 	713	586.66	10.20	17.27	25.21	101357.19	1872	0	
84	16:28:36	4/9/2020 	719	620.76	12.83	18.54	25.21	101357.19	3846	0	
85	16:28:36	4/9/2020 	724	855.63	229.53	35.97	25.21	101357.19	1874	0	
86	16:28:36	4/9/2020 	740	327.86	6.11	9.84	25.21	101357.19	1874	0	
87	16:28:36	4/9/2020 	747	704.43	49.71	22.44	25.21	101357.19	1872	0	
88	16:28:36	4/9/2020 	758	480.41	6.03	13.74	25.21	101357.19	1874	0	
89	16:28:36	4/9/2020 	760	484.16	6.61	13.86	25.21	101357.19	1871	0	
90	16:28:36	4/9/2020 	766	699.30	45.21	22.15	25.21	101357.19	1871	0	
91	16:28:36	4/9/2020 	773	256.86	5.89	8.56	25.21	101357.19	3845	0	
92	16:28:36	4/9/2020 	790	338.04	6.17	10.04	25.21	101357.19	1873	0	
93	16:28:36	4/9/2020 	794	356.86	6.31	10.43	25.21	101357.19	1872	0	
94	16:28:36	4/9/2020 	800	749.04	76.80	25.35	25.21	101357.19	1873	0	
95	16:28:36	4/9/2020 	805	743.31	89.35	24.93	25.21	101357.19	1905	0	
96	16:28:36	4/9/2020 	809	427.41	6.12	12.18	25.21	101357.19	1875	0	
97	16:28:36	4/9/2020 	815	590.19	10.59	17.40	25.21	101357.19	1872	0	
98	16:28:36	4/9/2020 	821	727.69	78.29	23.86	25.21	101357.19	3845	0	
99	16:28:36	4/9/2020 	825	646.91	24.59	19.61	25.21	101357.19	1874	0	
100	16:28:36	4/9/2020 	827	684.77	41.25	21.37	25.21	101357.19	2179	0	
101	16:28:36	4/9/2020 	839	649.94	24.72	19.74	25.21	101357.19	1874	0	
102	16:28:36	4/9/2020 	853	599.63	11.20	17.74	25.21	101357.19	1874	0	
103	16:28:36	4/9/2020 	858	570.09	8.08	16.69	25.21	101357.19	2029	0	
104	16:28:36	4/9/2020 	865	639.14	20.86	19.28	25.21	101357.19	1872	0	
105	16:28:36	4/9/2020 	868	658.10	25.84	20.10	25.21	101357.19	1874	0	
106	16:28:36	4/9/2020 	877	736.51	82.55	24.45	25.21	101357.19	3899	0	
107	16:28:36	4/9/2020 	886	271.73		8.82	25.21	101357.19	1875	0	
108	16:28:36	4/9/2020 	898	694.65	43.96	21.89	25.21	101357.19	1858	0	
109	16:28:36	4/9/2020 	909	775.49	122.58	27.48	25.21	101357.19	1874	0	
110	16:28:36	4/9/2020 	914	658.69	31.60	20.12	25.21	101357.19	1875	0	
111	16:28:36	4/9/2020 	922	690.13	44.45	21.65	25.21	101357.19	1875	0	
112	16:28:36	4/9/2020 	924	712.60	47.61	22.91	25.21	101357.19	1875	0	
113	16:28:36	4/9/2020 	932	515.59	7.13	14.86	25.21	101357.19	3845	0	
114	16:28:36	4/9/2020 	946	254.90	5.87	8.52	25.21	101357.19	1871	0	
115	16:28:36	4/9/2020 	966	378.17	5.99	10.92	25.21	101357.19	1874	0	
116	16:28:36	4/9/2020 	973	382.68	6.84	11.02	25.21	101357.19	1872	0	
117	16:28:36	4/9/2020 	981	522.59	6.35	15.09	25.21	101357.19	1872	0	
118	16:28:36	4/9/2020 	1012	827.35	175.67	32.64	25.21	101357.19	7407	0	
119	16:28:36	4/9/2020 	1023	865.89	247.26	37.25	25.21	101357.19	1875	0	
120	16:28:36	4/9/2020 	1029	570.82	8.34	16.71	25.21	101357.19	3846	0	
121	16:28:36	4/9/2020 	1044	293.39	4.81	9.20	25.21	101357.19	1872	0	
122	16:28:36	4/9/2020 	1079	600.97	12.00	17.79	25.21	101357.19	1873	0	
123	16:28:36	4/9/2020 	1087	680.11	39.18	21.14	25.21	101357.19	1875	0	
124	16:28:36	4/9/2020 	1100	681.45	37.55	21.21	25.21	101357.19	1874	0	
125	16:28:36	4/9/2020 	1112	553.71	7.84	16.12	25.21	101357.19	1875	0	
126	16:28:36	4/9/2020 	1123	603.17	13.91	17.87	25.21	101357.84	1871	0	
127	16:28:36	4/9/2020 	1131	793.51	161.00	29.12	25.21	101357.84	3845	0	
128	16:28:36	4/9/2020 	1138	671.87	34.94	20.73	25.21	101357.84	1874	0	
129	16:28:36	4/9/2020 	1140	774.26	134.50	27.37	25.21	101357.84	1873	0	
130	16:28:36	4/9/2020 	1152	713.73	55.25	22.98	25.21	101357.84	1875	0	
131	16:28:36	4/9/2020 	1176	454.06	6.01	12.94	25.21	101357.84	1874	0	
132	16:28:36	4/9/2020 	1188	795.81	164.24	29.34	25.21	101357.84	1873	0	
133	16:28:36	4/9/2020 	1193	370.62	6.12	10.74	25.21	101357.84	1875	0	
134	16:28:36	4/9/2020 	1209	749.32	96.51	25.37	25.21	101357.84	3843	0	
135	16:28:36	4/9/2020 	1223	531.10	6.48	15.37	25.21	101357.84	1875	0	
136	16:28:36	4/9/2020 	1229	466.86	6.50	13.33	25.21	101357.84	1871	0	
137	16:28:36	4/9/2020 	1231	497.25	6.90	14.27	25.21	101357.84	1872	0	
138	16:28:36	4/9/2020 	1234	452.76	6.17	12.90	25.21	101357.84	1872	0	
139	16:28:36	4/9/2020 	1242	249.31	6.17	8.42	25.21	101357.84	1872	0	
140	16:28:36	4/9/2020 	1246	657.64	23.16	20.08	25.21	101357.84	1874	0	
141	16:28:36	4/9/2020 	1251	292.37	6.10	9.18	25.21	101357.84	1874	0	
142	16:28:36	4/9/2020 	1256	391.63	7.00	11.24	25.21	101357.84	3844	0	
143	16:28:36	4/9/2020 	1307	740.45	90.76	24.73	25.21	101357.84	2010	0	
144	16:28:36	4/9/2020 	1312	577.38	8.57	16.94	25.21	101357.84	1875	0	
145	16:28:36	4/9/2020 	1324	250.62	6.08	8.45	25.21	101357.84	1874	0	
146	16:28:36	4/9/2020 	1334	330.42	6.71	9.89	25.21	101357.84	1874	0	
147	16:28:37	4/9/2020 	1338	564.59	7.60	16.50	25.21	101357.84	1873	0	
148	16:28:37	4/9/2020 	1352	579.12	8.64	17.00	25.21	101357.84	1873	0	
149	16:28:37	4/9/2020 	1371	746.13	79.59	25.14	25.21	101357.84	4183	0	
150	16:28:37	4/9/2020 	1379	548.13	6.95	15.93	25.21	101357.84	1874	0	
151	16:28:37	4/9/2020 	1400	922.12	431.21	44.35	25.21	101357.84	1871	0	
152	16:28:37	4/9/2020 	1406	456.98	6.57	13.03	25.21	101357.84	2077	0	
153	16:28:37	4/9/2020 	1412	647.14	14.54	19.62	25.21	101357.84	1872	0	
154	16:28:37	4/9/2020 	1420	620.82	13.00	18.54	25.21	101357.84	1875	0	
155	16:28:37	4/9/2020 	1422	562.16	7.56	16.41	25.21	101357.84	1874	0	
156	16:28:37	4/9/2020 	1431	532.19	6.85	15.40	25.21	101357.84	3842	0	
157	16:28:37	4/9/2020 	1440	491.13	6.81	14.08	25.21	101357.84	1871	0	
158	16:28:37	4/9/2020 	1458	812.32	179.28	31.01	25.21	101357.84	2228	0	
159	16:28:37	4/9/2020 	1466	699.35	47.03	22.15	25.21	101357.84	1874	0	
160	16:28:37	4/9/2020 	1475	254.31	6.08	8.51	25.21	101357.84	1875	0	
161	16:28:37	4/9/2020 	1479	600.97	11.88	17.79	25.21	101357.84	1874	0	
162	16:28:37	4/9/2020 	1490	477.78	6.76	13.66	25.21	101357.84	1888	0	
163	16:28:37	4/9/2020 	1497	558.38	6.95	16.28	25.21	101357.84	3844	0	
164	16:28:37	4/9/2020 	1509	257.68	6.01	8.57	25.21	101357.84	1871	0	
165	16:28:37	4/9/2020 	1514	565.95	8.07	16.54	25.21	101357.84	1874	0	
166	16:28:37	4/9/2020 	1526	419.18	6.62	11.96	25.21	101357.84	1872	0	
167	16:28:37	4/9/2020 	1531	578.77	8.79	16.99	25.21	101357.84	1873	0	
168	16:28:37	4/9/2020 	1588	628.95	15.06	18.86	25.21	101357.84	1875	0	
169	16:28:37	4/9/2020 	1603	662.50	30.16	20.30	25.21	101357.84	1875	0	
170	16:28:37	4/9/2020 	1612	434.66	6.73	12.38	25.21	101357.84	3899	0	
171	16:28:37	4/9/2020 	1615	595.11	10.72	17.58	25.21	101357.84	1872	0	
172	16:28:37	4/9/2020 	1626	674.04	34.32	20.84	25.21	101357.84	1875	0	
173	16:28:37	4/9/2020 	1637	466.29	6.42	13.31	25.21	101357.84	1873	0	
174	16:28:37	4/9/2020 	1652	612.37	13.80	18.22	25.21	101357.84	1871	0	
175	16:28:37	4/9/2020 	1672	768.72	100.38	26.90	25.21	101357.84	2015	0	
176	16:28:37	4/9/2020 	1689	477.53	6.64	13.65	25.20	101358.39	1874	0	
177	16:28:37	4/9/2020 	1706	835.94	202.37	33.62	25.20	101358.39	1872	0	
178	16:28:37	4/9/2020 	1715	442.03	6.56	12.59	25.20	101358.39	3845	0	
179	16:28:37	4/9/2020 	1727	275.93	6.10	8.89	25.20	101358.39	1872	0	
180	16:28:37	4/9/2020 	1754	753.62	106.78	25.70	25.20	101358.39	1874	0	
181	16:28:37	4/9/2020 	1770	749.88	91.13	25.41	25.20	101358.39	1875	0	
182	16:28:37	4/9/2020 	1774	357.01	6.56	10.44	25.20	101358.39	1875	0	
183	16:28:37	4/9/2020 	1778	666.27	31.79	20.47	25.20	101358.39	1873	0	
184	16:28:37	4/9/2020 	1781	449.88	6.63	12.82	25.20	101358.39	1874	0	
185	16:28:37	4/9/2020 	1787	770.52	138.79	27.05	25.20	101358.39	3843	0	
186	16:28:37	4/9/2020 	1790	758.44	100.97	26.07	25.20	101358.39	1875	0	
187	16:28:37	4/9/2020 	1801	670.40	37.25	20.66	25.20	101358.39	1875	0	
188	16:28:37	4/9/2020 	1805	654.18	26.98	19.92	25.20	101358.39	2276	0	
189	16:28:37	4/9/2020 	1808	659.47	27.08	20.16	25.20	101358.39	1875	0	
190	16:28:37	4/9/2020 	1849	748.33	101.33	25.30	25.20	101358.39	1875	0	
191	16:28:37	4/9/2020 	1855	663.48	28.63	20.34	25.20	101358.39	1875	0	
192	16:28:37	4/9/2020 	1859	290.74	6.15	9.15	25.20	101358.39	3845	0	
193	16:28:37	4/9/2020 	1863	550.82	7.33	16.03	25.20	101358.39	1873	0	
194	16:28:37	4/9/2020 	1865	335.34	6.43	9.99	25.20	101358.39	1870	0	
195	16:28:37	4/9/2020 	1870	507.51	5.99	14.60	25.20	101358.39	1873	0	
196	16:28:37	4/9/2020 	1883	498.11	6.50	14.30	25.20	101358.39	1872	0	
197	16:28:37	4/9/2020 	1886	676.87	34.42	20.98	25.20	101358.39	1871	0	
198	16:28:37	4/9/2020 	1897	635.23	16.03	19.12	25.20	101358.39	1873	0	
199	16:28:37	4/9/2020 	2039	481.35	6.31	13.77	25.20	101358.39	134077	0	
200	16:28:37	4/9/2020 	2042	565.56	8.62	16.53	25.20	101358.39	1873	0	
201	16:28:37	4/9/2020 	2049	670.97	36.00	20.69	25.20	101358.39	1874	0	
202	16:28:37	4/9/2020 	2067	560.06	7.31	16.34	25.20	101358.39	2299	0	
203	16:28:37	4/9/2020 	2075	670.42	37.76	20.67	25.20	101358.39	1871	0	
204	16:28:37	4/9/2020 	2087	602.63	12.18	17.85	25.20	101358.39	2098	0	
205	16:28:37	4/9/2020 	2091	508.04	6.31	14.61	25.20	101358.39	1874	0	
206	16:28:37	4/9/2020 	2121	524.04	6.29	15.13	25.20	101358.39	3842	0	
207	16:28:37	4/9/2020 	2127	256.50	6.07	8.55	25.20	101358.39	1872	0	
208	16:28:37	4/9/2020 	2137	262.01	6.08	8.65	25.20	101358.39	1874	0	
209	16:28:37	4/9/2020 	2141	253.27	6.41	8.49	25.20	101358.39	1875	0	
210	16:28:37	4/9/2020 	2152	608.42	12.74	18.07	25.20	101358.39	1873	0	
211	16:28:37	4/9/2020 	2168	637.22	21.12	19.20	25.20	101358.39	1875	0	
212	16:28:37	4/9/2020 	2172	631.97	17.24	18.99	25.20	101358.39	1875	0	
213	16:28:37	4/9/2020 	2177	670.31	37.84	20.66	25.20	101358.39	3845	0	
214	16:28:37	4/9/2020 	2179	383.38	6.56	11.04	25.20	101358.39	1874	0	
215	16:28:37	4/9/2020 	2182	692.89	41.28	21.80	25.20	101358.39	1874	0	
216	16:28:37	4/9/2020 	2192	247.90	6.50	8.40	25.20	101358.39	1875	0	
217	16:28:37	4/9/2020 	2194	687.97	39.97	21.54	25.20	101358.39	1874	0	
218	16:28:37	4/9/2020 	2208	716.80	54.25	23.17	25.20	101358.39	1874	0	
219	16:28:37	4/9/2020 	2213	549.38	7.06	15.98	25.20	101358.39	1874	0	
220	16:28:37	4/9/2020 	2218	697.35	48.87	22.04	25.20	101358.39	3842	0	
221	16:28:37	4/9/2020 	2227	670.31	33.33	20.66	25.20	101358.39	1875	0	
222	16:28:37	4/9/2020 	2241	504.63	6.54	14.50	25.20	101358.39	1873	0	
223	16:28:37	4/9/2020 	2244	619.12	14.32	18.48	25.20	101358.39	1871	0	
224	16:28:37	4/9/2020 	2248	796.83	168.05	29.44	25.20	101358.39	1875	0	
225	16:28:37	4/9/2020 	2255	474.95	5.61	13.57	25.20	101359.05	1875	0	
226	16:28:37	4/9/2020 	2266	770.23	136.77	27.03	25.20	101359.05	1932	0	
227	16:28:37	4/9/2020 	2269	633.80	16.27	19.06	25.20	101359.05	1875	0	
228	16:28:37	4/9/2020 	2275	512.61	6.95	14.76	25.20	101359.05	3840	0	
229	16:28:37	4/9/2020 	2278	781.10	149.61	27.97	25.20	101359.05	1870	0	
230	16:28:37	4/9/2020 	2287	623.88	14.35	18.66	25.20	101359.05	1875	0	
231	16:28:37	4/9/2020 	2291	327.45	5.92	9.83	25.20	101359.05	1875	0	
232	16:28:37	4/9/2020 	2303	540.86	6.98	15.69	25.20	101359.05	1872	0	
233	16:28:37	4/9/2020 	2315	230.75	6.11	8.08	25.20	101359.05	1871	0	
234	16:28:37	4/9/2020 	2317	409.66	7.01	11.70	25.20	101359.05	1874	0	
235	16:28:37	4/9/2020 	2322	587.64	10.99	17.31	25.20	101359.05	3898	0	
236	16:28:37	4/9/2020 	2327	611.84	13.58	18.20	25.20	101359.05	1875	0	
237	16:28:38	4/9/2020 	2343	364.27	6.18	10.60	25.20	101359.05	1875	0	
238	16:28:38	4/9/2020 	2351	654.24	27.04	19.92	25.20	101359.05	1875	0	
239	16:28:38	4/9/2020 	2360	290.78	6.36	9.15	25.20	101359.05	1874	0	
240	16:28:38	4/9/2020 	2362	590.23	11.23	17.40	25.20	101359.05	1874	0	
241	16:28:38	4/9/2020 	2365	807.08	165.48	30.47	25.20	101359.05	1875	0	
242	16:28:38	4/9/2020 	2374	619.26	15.47	18.48	25.20	101359.05	3846	0	
243	16:28:38	4/9/2020 	2383	241.54	6.27	8.28	25.20	101359.05	1874	0	
244	16:28:38	4/9/2020 	2391	746.01	85.91	25.13	25.20	101359.05	1874	0	
245	16:28:38	4/9/2020 	2406	299.32	5.84	9.30	25.20	101359.05	1875	0	
246	16:28:38	4/9/2020 	2421	729.70	76.07	23.99	25.20	101359.05	1873	0	
247	16:28:38	4/9/2020 	2431	607.87	11.86	18.05	25.20	101359.05	1874	0	
248	16:28:38	4/9/2020 	2445	635.91	19.76	19.15	25.20	101359.05	1875	0	
249	16:28:38	4/9/2020 	2453	404.70	6.39	11.57	25.20	101359.05	3845	0	
250	16:28:38	4/9/2020 	2457	633.05	19.49	19.03	25.20	101359.05	1873	0	
251	16:28:38	4/9/2020 	2462	592.06	11.40	17.47	25.20	101359.05	1874	0	
252	16:28:38	4/9/2020 	2482	585.71	9.17	17.24	25.20	101359.05	1875	0	
253	16:28:38	4/9/2020 	2485	605.17	14.00	17.95	25.20	101359.05	1874	0	
254	16:28:38	4/9/2020 	2508	447.03	6.15	12.74	25.20	101359.05	1875	0	
255	16:28:38	4/9/2020 	2515	610.21	12.95	18.14	25.20	101359.05	1872	0	
256	16:28:38	4/9/2020 	2523	548.69	7.11	15.95	25.20	101359.05	3845	0	
257	16:28:38	4/9/2020 	2535	625.90	17.11	18.74	25.20	101359.05	1869	0	
258	16:28:38	4/9/2020 	2540	457.46	6.59	13.04	25.20	101359.05	1874	0	
259	16:28:38	4/9/2020 	2544	774.70	141.59	27.41	25.20	101359.05	1872	0	
260	16:28:38	4/9/2020 	2547	583.38	10.12	17.15	25.20	101359.05	1874	0	
261	16:28:38	4/9/2020 	2552	769.27	117.88	26.95	25.20	101359.05	1883	0	
262	16:28:38	4/9/2020 	2557	530.16	6.65	15.34	25.20	101359.05	1875	0	
263	16:28:38	4/9/2020 	2565	615.47	13.00	18.34	25.20	101359.05	3843	0	
264	16:28:38	4/9/2020 	2576	595.07	12.25	17.57	25.20	101359.05	1875	0	
265	16:28:38	4/9/2020 	2584	347.81	5.94	10.24	25.20	101359.05	1875	0	
266	16:28:38	4/9/2020 	2588	315.18	6.24	9.59	25.20	101359.05	1873	0	
267	16:28:38	4/9/2020 	2598	644.55	19.34	19.51	25.20	101359.05	1874	0	
268	16:28:38	4/9/2020 	2627	688.71	39.30	21.58	25.20	101359.05	1875	0	
269	16:28:38	4/9/2020 	2631	445.96	6.31	12.71	25.20	101359.05	2217	0	
270	16:28:38	4/9/2020 	2634	400.25	6.54	11.46	25.20	101359.05	1872	0	
271	16:28:38	4/9/2020 	2639	482.94	6.29	13.82	25.20	101359.05	3843	0	
272	16:28:38	4/9/2020 	2646	354.20	6.14	10.38	25.20	101359.05	1872	0	
273	16:28:38	4/9/2020 	2650	755.48	112.84	25.84	25.20	101359.05	1873	0	
274	16:28:38	4/9/2020 	2652	640.38	17.49	19.33	25.20	101359.05	1875	0	
275	16:28:38	4/9/2020 	2654	577.74	8.63	16.95	25.20	101359.05	1875	0	
276	16:28:38	4/9/2020 	2659	584.54	8.62	17.19	25.20	101359.05	1875	0	
277	16:28:38	4/9/2020 	2667	228.84	6.04	8.05	25.20	101359.05	2277	0	
278	16:28:38	4/9/2020 	2671	480.38	6.67	13.74	25.20	101359.05	3845	0	
279	16:28:38	4/9/2020 	2675	326.21	5.89	9.81	25.20	101359.05	2230	0	
280	16:28:38	4/9/2020 	2679	489.52	6.56	14.02	25.20	101359.05	1873	0	
281	16:28:38	4/9/2020 	2683	474.05	6.41	13.54	25.20	101359.05	1872	0	
282	16:28:38	4/9/2020 	2696	269.79	6.22	8.78	25.20	101359.05	1873	0	
283	16:28:38	4/9/2020 	2704	519.65	6.23	14.99	25.20	101359.05	1874	0	
284	16:28:38	4/9/2020 	2712	664.37	28.86	20.38	25.20	101359.05	1873	0	
285	16:28:38	4/9/2020 	2715	398.33	6.31	11.41	25.20	101359.05	3846	0	
286	16:28:38	4/9/2020 	2748	650.25	21.48	19.75	25.20	101359.05	1872	0	
287	16:28:38	4/9/2020 	2760	561.37	7.63	16.38	25.20	101359.05	1875	0	
288	16:28:38	4/9/2020 	2765	489.81	6.56	14.03	25.20	101359.05	1870	0	
289	16:28:38	4/9/2020 	2768	748.28	98.06	25.29	25.20	101359.05	1872	0	
290	16:28:38	4/9/2020 	2770	674.97	35.59	20.88	25.20	101359.05	1876	0	
291	16:28:38	4/9/2020 	2778	349.79	6.14	10.28	25.20	101359.05	1873	0	
292	16:28:38	4/9/2020 	2782	361.63	6.37	10.54	25.20	101359.05	3843	0	
293	16:28:38	4/9/2020 	2784	784.12	152.30	28.25	25.20	101359.05	1873	0	
294	16:28:38	4/9/2020 	2794	571.19	8.22	16.72	25.20	101359.05	1875	0	
295	16:28:38	4/9/2020 	2800	579.17	9.00	17.00	25.20	101359.05	1873	0	
296	16:28:38	4/9/2020 	2805	791.07	157.52	28.89	25.20	101359.05	1874	0	
297	16:28:38	4/9/2020 	2810	338.05	6.26	10.04	25.20	101359.05	1899	0	
298	16:28:38	4/9/2020 	2817	632.48	16.59	19.01	25.20	101359.42	1873	0	
299	16:28:38	4/9/2020 	2821	387.38	6.28	11.14	25.20	101359.42	3896	0	
300	16:28:38	4/9/2020 	2826	554.17	7.72	16.14	25.20	101359.42	1873	0	
301	16:28:38	4/9/2020 	2841	696.91	49.72	22.02	25.20	101359.42	1870	0	
302	16:28:38	4/9/2020 	2854	394.25	6.37	11.31	25.20	101359.42	1875	0	
303	16:28:38	4/9/2020 	2865	710.84	59.07	22.81	25.20	101359.42	2142	0	
304	16:28:38	4/9/2020 	2872	397.43	6.37	11.39	25.20	101359.42	1875	0	
305	16:28:38	4/9/2020 	2884	656.96	28.02	20.05	25.20	101359.42	1874	0	
306	16:28:38	4/9/2020 	2892	625.49	13.01	18.73	25.20	101359.42	3845	0	
307	16:28:38	4/9/2020 	2896	331.49	6.10	9.91	25.20	101359.42	1874	0	
308	16:28:38	4/9/2020 	2903	493.70	6.48	14.16	25.20	101359.42	1873	0	
309	16:28:38	4/9/2020 	2905	655.32	27.30	19.97	25.20	101359.42	1878	0	
310	16:28:38	4/9/2020 	2908	527.00	6.79	15.23	25.20	101359.42	1874	0	
311	16:28:38	4/9/2020 	2914	626.25	16.06	18.76	25.20	101359.42	1872	0	
312	16:28:38	4/9/2020 	2917	658.66	27.33	20.12	25.20	101359.42	1869	0	
313	16:28:38	4/9/2020 	2930	352.17	6.18	10.33	25.20	101359.42	1875	0	
314	16:28:38	4/9/2020 	2940	531.50	6.84	15.38	25.20	101359.42	3843	0	
315	16:28:38	4/9/2020 	2953	400.23	6.30	11.46	25.20	101359.42	1872	0	
316	16:28:38	4/9/2020 	2963	457.58	6.15	13.05	25.20	101359.42	1873	0	
317	16:28:38	4/9/2020 	2965	239.34	6.26	8.24	25.20	101359.42	1873	0	
318	16:28:38	4/9/2020 	2975	781.64	147.21	28.02	25.20	101359.42	1874	0	
319	16:28:38	4/9/2020 	2982	552.88	7.51	16.10	25.20	101359.42	1875	0	
320	16:28:38	4/9/2020 	2986	670.29	35.68	20.66	25.20	101359.42	1870	0	
321	16:28:38	4/9/2020 	2994	316.75	4.92	9.62	25.20	101359.42	3844	0	
322	16:28:38	4/9/2020 	3007	591.01	11.23	17.43	25.20	101359.42	7408	0	
323	16:28:38	4/9/2020 	3013	544.81	7.14	15.82	25.20	101359.42	1874	0	
324	16:28:38	4/9/2020 	3019	742.10	86.42	24.84	25.20	101359.42	1870	0	
325	16:28:38	4/9/2020 	3026	822.94	195.75	32.15	25.20	101359.42	1875	0	
326	16:28:38	4/9/2020 	3029	324.63	6.19	9.77	25.20	101359.42	1875	0	
327	16:28:38	4/9/2020 	3032	714.69	59.74	23.04	25.20	101359.42	1873	0	
328	16:28:38	4/9/2020 	3038	706.14	55.80	22.53	25.20	101359.42	3846	0	
329	16:28:38	4/9/2020 	3040	771.88	92.50	27.17	25.20	101359.42	1875	0	
330	16:28:38	4/9/2020 	3044	578.65	8.58	16.99	25.20	101359.42	2279	0	
331	16:28:38	4/9/2020 	3047	566.07	7.92	16.55	25.20	101359.42	2274	0	
332	16:28:38	4/9/2020 	3062	338.83	5.76	10.06	25.20	101359.42	1872	0	
333	16:28:38	4/9/2020 	3077	259.15	6.08	8.60	25.20	101359.42	1873	0	
334	16:28:38	4/9/2020 	3079	432.34	6.87	12.32	25.20	101359.42	1873	0	
335	16:28:38	4/9/2020 	3089	429.01	6.34	12.23	25.20	101359.42	3842	0	
336	16:28:38	4/9/2020 	3104	439.70	6.12	12.53	25.20	101359.42	1873	0	
337	16:28:38	4/9/2020 	3123	360.05	6.46	10.50	25.20	101359.42	1872	0	
338	16:28:38	4/9/2020 	3146	708.18	55.44	22.65	25.20	101359.42	1872	0	
339	16:28:38	4/9/2020 	3157	397.26	6.36	11.38	25.20	101359.42	1876	0	
340	16:28:38	4/9/2020 	3161	338.65	6.66	10.05	25.20	101359.42	1874	0	
341	16:28:38	4/9/2020 	3167	794.34	143.41	29.20	25.20	101359.42	1873	0	
342	16:28:38	4/9/2020 	3174	596.38	10.37	17.62	25.20	101359.42	3846	0	
343	16:28:38	4/9/2020 	3182	786.29	154.52	28.44	25.20	101359.42	1875	0	
344	16:28:38	4/9/2020 	3200	514.86	6.85	14.83	25.20	101359.42	1875	0	
345	16:28:38	4/9/2020 	3208	621.95	14.92	18.59	25.20	101359.42	1872	0	
346	16:28:38	4/9/2020 	3213	452.28	6.90	12.89	25.20	101359.42	1875	0	
347	16:28:38	4/9/2020 	3225	462.22	6.38	13.19	25.20	101359.42	1872	0	
348	16:28:38	4/9/2020 	3229	572.56	7.86	16.77	25.20	101359.42	1873	0	
349	16:28:38	4/9/2020 	3240	511.69	6.44	14.73	25.20	101359.42	3841	0	
350	16:28:38	4/9/2020 	3261	689.12	70.49	21.60	25.20	101359.42	1872	0	
351	16:28:38	4/9/2020 	3269	463.77	6.56	13.23	25.20	101359.42	1875	0	
352	16:28:38	4/9/2020 	3309	465.97	7.02	13.30	25.20	101359.42	1872	0	
353	16:28:38	4/9/2020 	3316	251.96	6.13	8.47	25.20	101359.42	1872	0	
354	16:28:38	4/9/2020 	3326	419.32	6.42	11.96	25.20	101359.42	1873	0	
355	16:28:39	4/9/2020 	3354	502.61	6.21	14.44	25.20	101359.42	1872	0	
356	16:28:39	4/9/2020 	3364	398.13	5.83	11.40	25.20	101359.42	1874	0	
357	16:28:39	4/9/2020 	3380	753.17	113.04	25.66	25.20	101359.42	3843	0	
358	16:28:39	4/9/2020 	3387	706.25	53.23	22.54	25.20	101360.24	1876	0	
359	16:28:39	4/9/2020 	3393	606.37	13.00	17.99	25.20	101360.24	1875	0	
360	16:28:39	4/9/2020 	3398	286.54	6.33	9.08	25.20	101360.24	1875	0	
361	16:28:39	4/9/2020 	3410	571.83	8.05	16.75	25.20	101360.24	1874	0	
362	16:28:39	4/9/2020 	3423	453.57	6.81	12.93	25.20	101360.24	1872	0	
363	16:28:39	4/9/2020 	3433	695.31	45.61	21.93	25.20	101360.24	1872	0	
364	16:28:39	4/9/2020 	3439	445.16	6.34	12.68	25.20	101360.24	3899	0	
365	16:28:39	4/9/2020 	3449	561.04	7.21	16.37	25.20	101360.24	1872	0	
366	16:28:39	4/9/2020 	3457	654.09	24.99	19.92	25.20	101360.24	1872	0	
367	16:28:39	4/9/2020 	3477	324.09	6.41	9.76	25.20	101360.24	1874	0	
368	16:28:39	4/9/2020 	3492	687.89	42.25	21.53	25.20	101360.24	1872	0	
369	16:28:39	4/9/2020 	3502	544.02	6.53	15.80	25.20	101360.24	1875	0	
370	16:28:39	4/9/2020 	3514	645.15	22.35	19.53	25.20	101360.24	1921	0	
371	16:28:39	4/9/2020 	3520	664.15	35.11	20.37	25.20	101360.24	3845	0	
372	16:28:39	4/9/2020 	3529	626.01	17.17	18.75	25.20	101360.24	1873	0	
373	16:28:39	4/9/2020 	3536	685.38	39.70	21.40	25.20	101360.24	1874	0	
374	16:28:39	4/9/2020 	3539	486.03	6.46	13.92	25.20	101360.24	1874	0	
375	16:28:39	4/9/2020 	3546	586.70	10.15	17.27	25.20	101360.24	1871	0	
376	16:28:39	4/9/2020 	3554	582.21	8.02	17.11	25.20	101360.24	1875	0	
377	16:28:39	4/9/2020 	3563	255.89	6.42	8.54	25.20	101360.24	1874	0	
378	16:28:39	4/9/2020 	3569	741.78	81.94	24.82	25.20	101360.24	3845	0	
379	16:28:39	4/9/2020 	3582	840.96	195.47	34.20	25.20	101360.24	1875	0	
380	16:28:39	4/9/2020 	3585	695.59	51.68	21.94	25.20	101360.24	1875	0	
381	16:28:39	4/9/2020 	3597	497.57	6.72	14.28	25.20	101360.24	1875	0	
382	16:28:39	4/9/2020 	3600	429.77	6.38	12.25	25.20	101360.24	1872	0	
383	16:28:39	4/9/2020 	3608	502.03	6.41	14.42	25.20	101360.24	1872	0	
384	16:28:39	4/9/2020 	3625	796.85	166.67	29.44	25.20	101360.24	1871	0	
385	16:28:39	4/9/2020 	3658	357.07	6.19	10.44	25.20	101360.24	3845	0	
386	16:28:39	4/9/2020 	3667	470.18	6.33	13.43	25.20	101360.24	2069	0	
387	16:28:39	4/9/2020 	3669	683.25	43.40	21.30	25.20	101360.24	1872	0	
388	16:28:39	4/9/2020 	3680	392.80	6.55	11.27	25.20	101360.24	1875	0	
389	16:28:39	4/9/2020 	3689	557.71	7.38	16.26	25.20	101360.24	1873	0	
390	16:28:39	4/9/2020 	3698	773.35	117.19	27.29	25.20	101360.24	1871	0	
391	16:28:39	4/9/2020 	3709	261.18	6.33	8.63	25.20	101360.24	1875	0	
392	16:28:39	4/9/2020 	3725	581.88	8.78	17.10	25.20	101360.24	3845	0	
393	16:28:39	4/9/2020 	3736	602.53	12.28	17.85	25.20	101360.24	1875	0	
394	16:28:39	4/9/2020 	3743	369.95	6.20	10.73	25.20	101360.24	1874	0	
395	16:28:39	4/9/2020 	3745	561.86	8.11	16.40	25.20	101360.24	1874	0	
396	16:28:39	4/9/2020 	3749	600.21	10.14	17.76	25.20	101360.24	1871	0	
397	16:28:39	4/9/2020 	3757	493.26	6.16	14.14	25.20	101360.24	1875	0	
398	16:28:39	4/9/2020 	3762	388.43	6.00	11.16	25.20	101360.24	1872	0	
399	16:28:39	4/9/2020 	3765	709.05	48.10	22.70	25.20	101360.24	1874	0	
400	16:28:39	4/9/2020 	3774	730.34	78.33	24.03	25.20	101360.24	3846	0	
401	16:28:39	4/9/2020 	3776	408.53	6.43	11.67	25.20	101360.24	1874	0	
402	16:28:39	4/9/2020 	3780	390.80	6.19	11.22	25.20	101360.24	1873	0	
403	16:28:39	4/9/2020 	3784	445.47	6.21	12.69	25.20	101360.24	1871	0	
404	16:28:39	4/9/2020 	3787	747.52	92.92	25.24	25.20	101360.24	1872	0	
405	16:28:39	4/9/2020 	3794	507.27	6.45	14.59	25.20	101360.24	1874	0	
406	16:28:39	4/9/2020 	3796	421.77	6.57	12.03	25.20	101360.24	1872	0	
407	16:28:39	4/9/2020 	3812	257.98	6.88	8.58	25.20	101360.24	3844	0	
408	16:28:39	4/9/2020 	3830	806.51	167.15	30.41	25.20	101360.24	1875	0	
409	16:28:39	4/9/2020 	3833	246.96	6.06	8.38	25.20	101360.24	1899	0	
410	16:28:39	4/9/2020 	3846	721.26	62.55	23.45	25.20	101360.24	1873	0	
411	16:28:39	4/9/2020 	3851	437.20	6.73	12.46	25.20	101360.24	1875	0	
412	16:28:39	4/9/2020 	3855	430.77	6.30	12.27	25.20	101360.24	2010	0	
413	16:28:39	4/9/2020 	3864	455.53	5.96	12.99	25.20	101360.24	1873	0	
414	16:28:39	4/9/2020 	3869	723.86	73.20	23.61	25.20	101360.24	3844	0	
415	16:28:39	4/9/2020 	3879	691.32	39.60	21.72	25.20	101360.24	1875	0	
416	16:28:39	4/9/2020 	3925	686.25	36.49	21.45	25.20	101360.24	1875	0	
417	16:28:39	4/9/2020 	3943	431.80	6.54	12.30	25.20	101360.24	1874	0	
418	16:28:39	4/9/2020 	3945	710.61	52.52	22.80	25.20	101360.24	1873	0	
419	16:28:39	4/9/2020 	3958	508.35	6.84	14.62	25.20	101361.06	1875	0	
420	16:28:39	4/9/2020 	3987	771.99	128.27	27.18	25.20	101361.06	1872	0	
421	16:28:39	4/9/2020 	3992	627.59	16.72	18.81	25.20	101361.06	3845	0	
422	16:28:39	4/9/2020 	4009	633.73	20.19	19.06	25.20	101361.06	7406	0	
423	16:28:39	4/9/2020 	4041	509.49	6.81	14.66	25.20	101361.06	1874	0	
424	16:28:39	4/9/2020 	4044	580.90	8.93	17.07	25.20	101361.06	1872	0	
425	16:28:39	4/9/2020 	4046	684.43	44.16	21.36	25.20	101361.06	1875	0	
426	16:28:39	4/9/2020 	4056	408.05	6.27	11.66	25.20	101361.06	1874	0	
427	16:28:39	4/9/2020 	4060	250.11	5.85	8.44	25.20	101361.06	1873	0	
428	16:28:39	4/9/2020 	4186	544.05	7.37	15.80	25.20	101361.06	124190	0	
429	16:28:39	4/9/2020 	4189	355.59	5.23	10.41	25.20	101361.06	1870	0	
430	16:28:39	4/9/2020 	4214	475.12	6.67	13.58	25.20	101361.06	1873	0	
431	16:28:39	4/9/2020 	4272	457.44	6.55	13.04	25.20	101361.06	2334	0	
432	16:28:39	4/9/2020 	4295	735.94	86.13	24.41	25.20	101361.06	1873	0	
433	16:28:39	4/9/2020 	4298	784.51	135.57	28.28	25.20	101361.06	1875	0	
434	16:28:39	4/9/2020 	4310	689.72	41.96	21.63	25.20	101361.06	1874	0	
435	16:28:39	4/9/2020 	4318	510.56	6.64	14.69	25.20	101361.06	3844	0	
436	16:28:39	4/9/2020 	4322	242.98	6.02	8.31	25.20	101361.06	1872	0	
437	16:28:39	4/9/2020 	4333	733.70	81.14	24.26	25.20	101361.06	1875	0	
438	16:28:40	4/9/2020 	4352	733.70	74.20	24.26	25.20	101361.06	2043	0	
439	16:28:40	4/9/2020 	4360	850.14	220.96	35.30	25.20	101361.06	1876	0	
440	16:28:40	4/9/2020 	4365	534.49	7.04	15.48	25.20	101361.06	1875	0	
441	16:28:40	4/9/2020 	4367	462.90	6.34	13.21	25.20	101361.06	1870	0	
442	16:28:40	4/9/2020 	4370	737.54	84.52	24.52	25.20	101361.06	1871	0	
443	16:28:40	4/9/2020 	4376	568.84	8.06	16.64	25.20	101361.06	3845	0	
444	16:28:40	4/9/2020 	4380	679.47	36.23	21.11	25.20	101361.06	2268	0	
445	16:28:40	4/9/2020 	4390	357.76	6.20	10.45	25.20	101361.06	1873	0	
446	16:28:40	4/9/2020 	4410	446.22	6.31	12.71	25.20	101361.06	1873	0	
447	16:28:40	4/9/2020 	4422	696.03	49.77	21.97	25.20	101361.06	1945	0	
448	16:28:40	4/9/2020 	4427	604.44	11.80	17.92	25.20	101361.06	1879	0	
449	16:28:40	4/9/2020 	4431	292.15	5.85	9.18	25.20	101361.06	1875	0	
450	16:28:40	4/9/2020 	4437	668.61	33.17	20.58	25.20	101361.06	3843	0	
451	16:28:40	4/9/2020 	4441	542.59	7.20	15.75	25.20	101361.06	1874	0	
452	16:28:40	4/9/2020 	4444	421.30	6.52	12.01	25.20	101361.06	1870	0	
453	16:28:40	4/9/2020 	4446	448.38	6.71	12.78	25.20	101361.06	1872	0	
454	16:28:40	4/9/2020 	4453	579.61	8.40	17.02	25.20	101361.06	1872	0	
455	16:28:40	4/9/2020 	4489	513.17	6.38	14.78	25.20	101361.06	1873	0	
456	16:28:40	4/9/2020 	4497	407.92	4.36	11.66	25.20	101361.06	1871	0	
457	16:28:40	4/9/2020 	4542	432.01	6.65	12.31	25.20	101361.28	3789	0	
458	16:28:40	4/9/2020 	4552	253.49	5.78	8.50	25.20	101361.28	1874	0	
459	16:28:40	4/9/2020 	4556	737.58	69.79	24.53	25.20	101361.28	1874	0	
460	16:28:40	4/9/2020 	4564	580.38	9.24	17.05	25.20	101361.28	2273	0	
461	16:28:40	4/9/2020 	4568	670.68	35.64	20.68	25.20	101361.28	1875	0	
462	16:28:40	4/9/2020 	4571	519.71	6.71	14.99	25.20	101361.28	1873	0	
463	16:28:40	4/9/2020 	4581	273.72	6.15	8.85	25.20	101361.28	1872	0	
464	16:28:40	4/9/2020 	4591	542.43	6.99	15.74	25.20	101361.28	6289	0	
465	16:28:40	4/9/2020 	4606	710.75	59.63	22.80	25.20	101361.28	1871	0	
466	16:28:40	4/9/2020 	4610	814.55	181.59	31.24	25.20	101361.28	1875	0	
467	16:28:40	4/9/2020 	4624	631.08	16.81	18.95	25.20	101361.28	1875	0	
468	16:28:40	4/9/2020 	4629	609.54	12.26	18.11	25.20	101361.28	1872	0	
469	16:28:40	4/9/2020 	4632	554.98	7.30	16.17	25.20	101361.28	1875	0	
470	16:28:40	4/9/2020 	4643	271.51	7.02	8.81	25.20	101361.28	1870	0	
471	16:28:40	4/9/2020 	4647	540.81	6.38	15.69	25.20	101361.28	3844	0	
472	16:28:40	4/9/2020 	4670	455.87	6.28	13.00	25.20	101361.28	1870	0	
473	16:28:40	4/9/2020 	4674	278.89	6.40	8.94	25.20	101361.28	1893	0	
474	16:28:40	4/9/2020 	4692	595.73	10.83	17.60	25.20	101361.28	1872	0	
475	16:28:40	4/9/2020 	4698	723.28	68.65	23.57	25.20	101361.28	1874	0	
476	16:28:40	4/9/2020 	4700	793.52	158.36	29.12	25.20	101361.28	1930	0	
477	16:28:40	4/9/2020 	4714	494.07	6.14	14.17	25.20	101361.28	1875	0	
478	16:28:40	4/9/2020 	4720	717.47	56.06	23.21	25.20	101361.28	1871	0	
479	16:28:40	4/9/2020 	4733	720.31	72.34	23.39	25.20	101361.28	3845	0	
480	16:28:40	4/9/2020 	4737	370.20	6.31	10.73	25.20	101361.28	1875	0	
481	16:28:40	4/9/2020 	4742	640.59	21.85	19.34	25.20	101361.28	1872	0	
482	16:28:40	4/9/2020 	4751	748.51	95.67	25.31	25.20	101361.28	1874	0	
483	16:28:40	4/9/2020 	4756	723.35	63.17	23.58	25.20	101361.28	1875	0	
484	16:28:40	4/9/2020 	4759	283.06	6.33	9.01	25.20	101361.28	1875	0	
485	16:28:40	4/9/2020 	4789	742.91	92.75	24.90	25.20	101361.28	1874	0	
486	16:28:40	4/9/2020 	4805	741.87	88.35	24.83	25.20	101361.28	3845	0	
487	16:28:40	4/9/2020 	4808	683.58	43.86	21.31	25.20	101361.28	1875	0	
488	16:28:40	4/9/2020 	4811	320.26	5.86	9.69	25.20	101361.28	1874	0	
489	16:28:40	4/9/2020 	4816	758.27	97.47	26.06	25.20	101361.28	1873	0	
490	16:28:40	4/9/2020 	4823	613.02	14.02	18.24	25.20	101361.28	1875	0	
491	16:28:40	4/9/2020 	4843	584.85	9.88	17.21	25.20	101361.28	1874	0	
492	16:28:40	4/9/2020 	4847	637.69	17.12	19.22	25.20	101361.28	1874	0	
493	16:28:40	4/9/2020 	4852	628.92	17.55	18.86	25.20	101361.28	3898	0	
494	16:28:40	4/9/2020 	4872	668.65	31.85	20.58	25.20	101361.28	1875	0	
495	16:28:40	4/9/2020 	4892	345.92	6.38	10.20	25.20	101361.28	1875	0	
496	16:28:40	4/9/2020 	4896	578.46	8.99	16.98	25.20	101361.28	1874	0	
497	16:28:40	4/9/2020 	4898	753.07	101.48	25.65	25.20	101361.28	1874	0	
498	16:28:40	4/9/2020 	4905	356.87	6.29	10.43	25.20	101361.28	1876	0	
499	16:28:40	4/9/2020 	4913	607.23	11.92	18.02	25.20	101361.28	1874	0	
500	16:28:40	4/9/2020 	4925	617.48	14.23	18.41	25.20	101361.28	3845	0	
501	16:28:40	4/9/2020 	4930	313.77	6.04	9.57	25.20	101361.28	1875	0	
502	16:28:40	4/9/2020 	4933	564.31	7.89	16.49	25.20	101361.28	1873	0	
503	16:28:40	4/9/2020 	4935	256.73	5.97	8.55	25.20	101361.28	1872	0	
504	16:28:40	4/9/2020 	4945	650.39	25.82	19.76	25.20	101361.28	1873	0	
505	16:28:40	4/9/2020 	4951	472.84	6.60	13.51	25.20	101361.28	1875	0	
506	16:28:40	4/9/2020 	4957	580.08	9.55	17.04	25.20	101361.28	1873	0	
507	16:28:40	4/9/2020 	4972	510.48	6.51	14.69	25.20	101361.28	3845	0	
508	16:28:40	4/9/2020 	4983	685.66	47.34	21.42	25.20	101361.28	1872	0	
509	16:28:40	4/9/2020 	4986	373.87	6.26	10.82	25.20	101361.28	1874	0	
510	16:28:40	4/9/2020 	4997	625.32	18.15	18.72	25.20	101361.28	1873	0	
511	16:28:40	4/9/2020 	5006	627.07	15.33	18.79	25.20	101361.28	7468	0	
512	16:28:40	4/9/2020 	5010	548.42	6.68	15.94	25.20	101361.28	1874	0	
513	16:28:40	4/9/2020 	5016	481.60	6.33	13.78	25.20	101361.28	1871	0	
514	16:28:40	4/9/2020 	5026	338.93	6.05	10.06	25.20	101361.28	3843	0	
515	16:28:40	4/9/2020 	5031	749.88	104.80	25.41	25.20	101361.28	1873	0	
516	16:28:40	4/9/2020 	5035	752.59	100.41	25.62	25.20	101361.28	2016	0	
517	16:28:40	4/9/2020 	5044	857.47	225.87	36.20	25.20	101361.28	1875	0	
518	16:28:40	4/9/2020 	5056	360.23	6.27	10.51	25.20	101361.28	1875	0	
519	16:28:40	4/9/2020 	5059	413.58	6.10	11.81	25.20	101361.28	1873	0	
520	16:28:40	4/9/2020 	5069	455.60	6.54	12.99	25.20	101361.28	1872	0	
521	16:28:40	4/9/2020 	5076	469.24	6.83	13.40	25.20	101361.28	3843	0	
522	16:28:40	4/9/2020 	5081	320.74	6.33	9.70	25.20	101361.94	1872	0	
523	16:28:40	4/9/2020 	5100	263.32	6.10	8.67	25.20	101361.94	1872	0	
524	16:28:40	4/9/2020 	5108	738.95	86.29	24.62	25.20	101361.94	1874	0	
525	16:28:40	4/9/2020 	5157	551.63	6.88	16.05	25.20	101361.94	1875	0	
526	16:28:40	4/9/2020 	5163	559.10	6.99	16.31	25.20	101361.94	1872	0	
527	16:28:40	4/9/2020 	5203	784.34	154.13	28.27	25.20	101361.94	1871	0	
528	16:28:40	4/9/2020 	5207	783.25	150.23	28.17	25.20	101361.94	1874	0	
529	16:28:40	4/9/2020 	5214	567.27	7.08	16.59	25.20	101361.94	3845	0	
530	16:28:40	4/9/2020 	5218	656.26	31.41	20.01	25.20	101361.94	1873	0	
531	16:28:40	4/9/2020 	5234	678.11	31.31	21.04	25.20	101361.94	1874	0	
532	16:28:40	4/9/2020 	5239	625.04	16.50	18.71	25.20	101361.94	1874	0	
533	16:28:40	4/9/2020 	5246	554.93	7.21	16.16	25.20	101361.94	1870	0	
534	16:28:40	4/9/2020 	5251	743.71	85.81	24.96	25.20	101361.94	1871	0	
535	16:28:40	4/9/2020 	5258	862.86	243.23	36.87	25.20	101361.94	1875	0	
536	16:28:40	4/9/2020 	5284	528.58	6.60	15.28	25.20	101361.94	3846	0	
537	16:28:40	4/9/2020 	5296	334.14	5.90	9.96	25.20	101361.94	1871	0	
538	16:28:41	4/9/2020 	5358	285.66	6.32	9.06	25.20	101361.94	1872	0	
539	16:28:41	4/9/2020 	5372	285.84	6.62	9.06	25.20	101361.94	1874	0	
540	16:28:41	4/9/2020 	5390	400.06	6.10	11.45	25.20	101361.94	1874	0	
541	16:28:41	4/9/2020 	5431	352.58	7.00	10.34	25.20	101361.94	1873	0	
542	16:28:41	4/9/2020 	5453	529.58	6.95	15.32	25.20	101361.94	1873	0	
543	16:28:41	4/9/2020 	5494	600.04	12.77	17.76	25.20	101361.94	3841	0	
544	16:28:41	4/9/2020 	5501	733.04	70.13	24.22	25.20	101361.94	2136	0	
545	16:28:41	4/9/2020 	5517	378.10	6.15	10.92	25.20	101361.94	1874	0	
546	16:28:41	4/9/2020 	5561	617.07	14.27	18.40	25.20	101361.94	1872	0	
547	16:28:41	4/9/2020 	5598	334.69	6.23	9.97	25.20	101361.94	1876	0	
548	16:28:41	4/9/2020 	5603	465.65	6.32	13.29	25.20	101361.94	1875	0	
549	16:28:41	4/9/2020 	5714	361.52	5.98	10.54	25.20	101362.02	1872	0	
550	16:28:41	4/9/2020 	5737	513.33	6.79	14.78	25.20	101362.02	3844	0	
551	16:28:41	4/9/2020 	5811	280.69	5.93	8.97	25.20	101362.02	1872	0	
552	16:28:41	4/9/2020 	5848	239.40	5.98	8.24	25.20	101362.02	1874	0	
553	16:28:41	4/9/2020 	5895	591.11	10.24	17.43	25.20	101362.02	1873	0	
554	16:28:41	4/9/2020 	5927	388.62	5.90	11.17	25.20	101362.02	1875	0	
555	16:28:41	4/9/2020 	5931	554.90	7.54	16.16	25.20	101362.02	1873	0	
556	16:28:41	4/9/2020 	6265	674.57	42.06	20.87	25.19	101362.24	7408	0	
557	16:28:42	4/9/2020 	6716	700.07	49.87	22.19	25.19	101362.24	3899	0	
558	16:28:42	4/9/2020 	6762	721.76	65.88	23.48	25.19	101362.24	1876	0	
559	16:28:42	4/9/2020 	6907	286.06	6.41	9.07	25.19	101362.73	1875	0	
560	16:28:42	4/9/2020 	6932	709.80	55.38	22.75	25.19	101362.73	1873	0	
561	16:28:42	4/9/2020 	7010	553.86	6.54	16.13	25.19	101362.73	7413	0	
562	16:28:43	4/9/2020 	7410	387.67	6.49	11.15	25.19	101363.39	1871	0	
563	16:28:43	4/9/2020 	7510	709.22	51.91	22.71	25.19	101363.39	1874	0	
564	16:28:43	4/9/2020 	7692	386.61	6.43	11.12	25.19	101363.39	1875	0	
565	16:28:43	4/9/2020 	7724	891.92	304.21	40.57	25.19	101363.39	3844	0	
566	16:28:43	4/9/2020 	7811	442.95	6.91	12.62	25.19	101363.39	1874	0	
567	16:28:43	4/9/2020 	7866	852.56	230.44	35.59	25.19	101363.39	1872	0	
568	16:28:43	4/9/2020 	7897	340.97	6.22	10.10	25.19	101363.39	1875	0	
569	16:28:43	4/9/2020 	7905	258.57	6.04	8.59	25.19	101363.39	1887	0	
570	16:28:43	4/9/2020 	7972	550.67	6.97	16.02	25.19	101363.61	1874	0	
571	16:28:44	4/9/2020 	8532	231.62	6.12	8.10	25.19	101363.99	7407	0	
572	16:28:44	4/9/2020 	8559	294.46	6.18	9.22	25.19	101363.99	3846	0	
573	16:28:44	4/9/2020 	8587	472.46	6.73	13.50	25.19	101363.99	1873	0	
574	16:28:44	4/9/2020 	8813	707.72	61.66	22.63	25.19	101363.99	1873	0	
575	16:28:44	4/9/2020 	8841	647.13	24.48	19.62	25.19	101363.99	1875	0	
576	16:28:44	4/9/2020 	8992	241.71	5.97	8.28	25.19	101363.99	1874	0	
577	16:28:44	4/9/2020 	9157	224.88	6.29	7.97	25.19	101364.64	7406	0	
578	16:28:44	4/9/2020 	9222	366.07	6.34	10.64	25.19	101364.64	1875	0	
579	16:28:44	4/9/2020 	9234	465.25	6.74	13.28	25.19	101364.64	3844	0	
580	16:28:44	4/9/2020 	9268	372.46	6.32	10.78	25.19	101364.64	1871	0	
581	16:28:44	4/9/2020 	9272	268.94	5.71	8.77	25.19	101364.64	1873	0	
582	16:28:45	4/9/2020 	9608	755.48	99.43	25.84	25.19	101364.64	1874	0	
583	16:28:45	4/9/2020 	9683	276.63	6.32	8.90	25.19	101364.90	1876	0	
584	16:28:45	4/9/2020 	9844	840.27	213.17	34.12	25.19	101364.90	1872	0	
585	16:28:45	4/9/2020 	10298	630.38	20.23	18.92	25.18	101365.28	7413	0	
586	16:28:45	4/9/2020 	10307	857.43	227.41	36.19	25.18	101365.28	4748	0	
587	16:28:45	4/9/2020 	10319	299.96	6.21	9.32	25.18	101365.28	1875	0	
588	16:28:46	4/9/2020 	10349	524.88	6.85	15.16	25.18	101365.28	1873	0	
589	16:28:46	4/9/2020 	10630	559.35	7.55	16.32	25.18	101365.28	1873	0	
590	16:28:46	4/9/2020 	10637	429.08	6.77	12.23	25.18	101365.28	1871	0	
591	16:28:46	4/9/2020 	10738	835.16	204.21	33.53	25.18	101365.28	1874	0	
592	16:28:46	4/9/2020 	10819	541.89	7.17	15.73	25.18	101366.10	1875	0	
593	16:28:46	4/9/2020 	10829	435.43	6.32	12.41	25.18	101366.10	3894	0	
594	16:28:46	4/9/2020 	10979	699.38	49.55	22.15	25.18	101366.10	1872	0	
595	16:28:46	4/9/2020 	11223	566.55	8.03	16.56	25.18	101366.10	7409	0	
596	16:28:46	4/9/2020 	11274	338.65	6.64	10.05	25.18	101366.10	1872	0	
597	16:28:46	4/9/2020 	11330	665.57	34.21	20.44	25.18	101366.48	1873	0	
598	16:28:47	4/9/2020 	11375	360.17	6.01	10.51	25.18	101366.48	1872	0	
599	16:28:47	4/9/2020 	11695	468.73	6.58	13.38	25.18	101366.48	1874	0	
600	16:28:47	4/9/2020 	11881	248.09	6.20	8.40	25.18	101366.73	3842	0	
601	16:28:47	4/9/2020 	12030	695.68	43.50	21.95	25.18	101366.73	7406	0	
602	16:28:48	4/9/2020 	12459	592.18	9.94	17.47	25.18	101367.28	1874	0	
603	16:28:48	4/9/2020 	12476	240.89	6.02	8.27	25.18	101367.28	1876	0	
604	16:28:48	4/9/2020 	12900	589.27	10.85	17.36	25.18	101367.28	1873	0	
605	16:28:48	4/9/2020 	12936	491.52	6.64	14.09	25.18	101367.28	1874	0	
606	16:28:48	4/9/2020 	13007	529.48	6.78	15.31	25.18	101367.28	7405	0	
607	16:28:48	4/9/2020 	13115	911.87	370.83	43.10	25.18	101367.77	3841	0	
608	16:28:48	4/9/2020 	13304	286.18	6.21	9.07	25.18	101367.77	1875	0	
609	16:28:48	4/9/2020 	13325	787.35	156.49	28.54	25.18	101367.77	1873	0	
610	16:28:49	4/9/2020 	13713	545.82	7.59	15.86	25.17	101367.99	1874	0	
611	16:28:49	4/9/2020 	13743	340.40	6.22	10.09	25.17	101367.99	1872	0	
612	16:28:49	4/9/2020 	13781	389.63	6.11	11.19	25.17	101367.99	1873	0	
613	16:28:49	4/9/2020 	13816	801.84	168.14	29.94	25.17	101367.99	1873	0	
614	16:28:49	4/9/2020 	13889	276.57	5.99	8.90	25.17	101367.99	3845	0	
615	16:28:49	4/9/2020 	13935	373.19	6.83	10.80	25.17	101367.99	1873	0	
616	16:28:49	4/9/2020 	13992	267.03	6.08	8.73	25.17	101367.99	1873	0	
617	16:28:49	4/9/2020 	13997	326.37	5.74	9.81	25.17	101367.99	1873	0	
618	16:28:49	4/9/2020 	14130	304.78	6.34	9.40	25.17	101367.99	7404	0	
619	16:28:49	4/9/2020 	14242	599.93	12.13	17.75	25.17	101368.21	1873	0	
620	16:28:49	4/9/2020 	14281	327.47	6.43	9.83	25.17	101368.21	1875	0	
621	16:28:49	4/9/2020 	14294	555.80	7.87	16.19	25.17	101368.21	1873	0	
622	16:28:50	4/9/2020 	14397	311.61	6.59	9.53	25.17	101368.21	3842	0	
623	16:28:50	4/9/2020 	14432	600.72	12.56	17.78	25.17	101368.21	1874	0	
624	16:28:50	4/9/2020 	14637	328.86	5.80	9.86	25.17	101368.21	1875	0	
625	16:28:50	4/9/2020 	14697	628.15	17.01	18.83	25.17	101368.21	1873	0	
626	16:28:50	4/9/2020 	14792	252.85	6.23	8.48	25.17	101368.30	1873	0	
627	16:28:50	4/9/2020 	14825	428.55	6.61	12.21	25.17	101368.30	1873	0	
628	16:28:50	4/9/2020 	14934	467.70	6.36	13.35	25.17	101368.30	1871	0	
629	16:28:50	4/9/2020 	15328	566.63	7.72	16.57	25.17	101368.52	132774	0	
630	16:28:50	4/9/2020 	15330	555.81	7.11	16.19	25.17	101368.52	1872	0	
631	16:28:51	4/9/2020 	15648	498.05	6.62	14.29	25.17	101368.52	1871	0	
632	16:28:51	4/9/2020 	15663	681.24	38.54	21.19	25.17	101368.52	1873	0	
633	16:28:51	4/9/2020 	15862	766.27	129.15	26.70	25.16	101368.73	1875	0	
634	16:28:51	4/9/2020 	15908	779.52	136.41	27.83	25.16	101368.73	1875	0	
635	16:28:51	4/9/2020 	15994	803.80	168.62	30.13	25.16	101368.73	1875	0	
636	16:28:51	4/9/2020 	16131	867.47	249.34	37.44	25.16	101368.73	9380	0	
637	16:28:51	4/9/2020 	16278	305.93	6.28	9.42	25.16	101368.73	1875	0	
638	16:28:52	4/9/2020 	16443	498.58	6.62	14.31	25.16	101369.39	1873	0	
639	16:28:52	4/9/2020 	16469	543.54	6.86	15.78	25.16	101369.39	2242	0	
640	16:28:52	4/9/2020 	16563	557.16	7.71	16.24	25.16	101369.39	1872	0	
641	16:28:52	4/9/2020 	16696	457.98	6.32	13.06	25.16	101369.39	1871	0	
642	16:28:52	4/9/2020 	16842	256.86	5.97	8.56	25.16	101369.39	1872	0	
643	16:28:52	4/9/2020 	16916	359.67	5.92	10.50	25.16	101369.39	3845	0	
644	16:28:52	4/9/2020 	16927	738.82	82.97	24.61	25.16	101369.39	1873	0	
645	16:28:52	4/9/2020 	17090	280.63	6.10	8.97	25.16	101369.61	7409	0	
646	16:28:52	4/9/2020 	17148	630.53	17.28	18.93	25.16	101369.61	1873	0	
647	16:28:52	4/9/2020 	17263	498.91	6.71	14.32	25.16	101369.61	1874	0	
648	16:28:52	4/9/2020 	17292	728.31	71.41	23.90	25.16	101369.61	1872	0	
649	16:28:53	4/9/2020 	17409	447.35	6.41	12.75	25.16	101369.61	1874	0	
650	16:28:53	4/9/2020 	17591	496.70	5.39	14.25	25.16	101369.70	3845	0	
651	16:28:53	4/9/2020 	17664	668.42	30.27	20.57	25.16	101369.70	1871	0	
652	16:28:53	4/9/2020 	17730	321.16	6.18	9.71	25.16	101369.70	1875	0	
653	16:28:53	4/9/2020 	17963	831.65	204.11	33.12	25.16	101369.70	1873	0	
654	16:28:53	4/9/2020 	18304	406.41	6.41	11.62	25.16	101369.75	7412	0	
655	16:28:54	4/9/2020 	18387	768.32	133.26	26.87	25.16	101369.75	1873	0	
656	16:28:54	4/9/2020 	18397	593.39	10.52	17.51	25.16	101369.75	1876	0	
657	16:28:54	4/9/2020 	18492	302.49	5.96	9.36	25.16	101369.75	3899	0	
658	16:28:54	4/9/2020 	18503	752.64	99.69	25.62	25.16	101369.75	1873	0	
659	16:28:54	4/9/2020 	18508	387.93	6.38	11.15	25.16	101369.75	1874	0	
660	16:28:54	4/9/2020 	18702	314.67	6.16	9.59	25.15	101369.98	1872	0	
661	16:28:54	4/9/2020 	18726	227.88	6.20	8.03	25.15	101369.98	1872	0	
662	16:28:54	4/9/2020 	18752	290.85	6.30	9.15	25.15	101369.98	1874	0	
663	16:28:54	4/9/2020 	18771	271.09	5.91	8.81	25.15	101369.98	1873	0	
664	16:28:54	4/9/2020 	18778	862.50	228.62	36.82	25.15	101369.98	3845	0	
665	16:28:54	4/9/2020 	18911	531.60	6.85	15.38	25.15	101369.98	1875	0	
666	16:28:54	4/9/2020 	19092	565.99	8.06	16.54	25.15	101369.98	7403	0	
667	16:28:55	4/9/2020 	19368	241.57	5.80	8.28	25.15	101370.03	1872	0	
668	16:28:55	4/9/2020 	19541	284.53	5.97	9.04	25.15	101370.03	1874	0	
669	16:28:55	4/9/2020 	19710	225.74	6.02	7.99	25.15	101370.03	1873	0	
670	16:28:55	4/9/2020 	19746	388.59	7.17	11.17	25.15	101370.03	1874	0	
671	16:28:55	4/9/2020 	19804	805.55	172.31	30.31	25.15	101369.95	3844	0	
672	16:28:55	4/9/2020 	19822	712.47	63.36	22.91	25.15	101369.95	1874	0	
673	16:28:55	4/9/2020 	19845	490.66	6.61	14.06	25.15	101369.95	1875	0	
674	16:28:55	4/9/2020 	20114	501.40	6.21	14.40	25.15	101369.95	7405	0	
675	16:28:55	4/9/2020 	20118	788.61	150.24	28.66	25.15	101369.95	2626	0	
676	16:28:56	4/9/2020 	20382	812.57	172.80	31.03	25.15	101370.45	1875	0	
677	16:28:56	4/9/2020 	20562	282.23	6.50	9.00	25.15	101370.45	1876	0	
678	16:28:56	4/9/2020 	20706	280.43	6.22	8.97	25.15	101370.45	3986	0	
679	16:28:56	4/9/2020 	20776	577.04	7.48	16.93	25.15	101370.45	1874	0	
680	16:28:56	4/9/2020 	20827	621.95	17.93	18.59	25.15	101370.45	1874	0	
681	16:28:56	4/9/2020 	20885	434.41	6.54	12.38	25.15	101370.45	1874	0	
682	16:28:56	4/9/2020 	21151	238.43	5.97	8.22	25.15	101370.34	7404	0	
683	16:28:56	4/9/2020 	21228	722.50	69.95	23.52	25.15	101370.34	1874	0	
684	16:28:57	4/9/2020 	21426	896.77	323.09	41.19	25.15	101370.34	1874	0	
685	16:28:57	4/9/2020 	21971	729.42	74.59	23.97	25.14	101370.55	3847	0	
686	16:28:57	4/9/2020 	22253	565.84	9.09	16.54	25.14	101370.45	7409	0	
687	16:28:57	4/9/2020 	22323	899.05	326.74	41.48	25.14	101370.45	1873	0	
688	16:28:58	4/9/2020 	22340	285.29	5.84	9.05	25.14	101370.45	1883	0	
689	16:28:58	4/9/2020 	22363	309.41	5.98	9.49	25.14	101370.45	1874	0	
690	16:28:58	4/9/2020 	22426	488.46	6.69	13.99	25.14	101370.45	1900	0	
691	16:28:58	4/9/2020 	22433	793.31	158.27	29.10	25.14	101370.45	1871	0	
692	16:28:58	4/9/2020 	22652	715.33	61.74	23.08	25.14	101370.53	3845	0	
693	16:28:58	4/9/2020 	23228	306.76	5.97	9.44	25.14	101370.72	7411	0	
694	16:28:58	4/9/2020 	23247	515.83	6.14	14.87	25.14	101370.72	1872	0	
695	16:28:58	4/9/2020 	23309	566.75	8.29	16.57	25.14	101370.72	1871	0	
696	16:28:59	4/9/2020 	23358	235.32	5.98	8.17	25.14	101370.72	1873	0	
697	16:28:59	4/9/2020 	23410	229.90	5.72	8.07	25.14	101370.72	1875	0	
698	16:28:59	4/9/2020 	23432	364.78	6.22	10.61	25.14	101370.72	1872	0	
699	16:28:59	4/9/2020 	23497	447.23	6.12	12.74	25.14	101370.72	1873	0	
700	16:28:59	4/9/2020 	23677	806.74	181.68	30.43	25.14	101370.72	3842	0	
701	16:28:59	4/9/2020 	23787	771.59	128.04	27.14	25.14	101371.21	1875	0	
702	16:28:59	4/9/2020 	23805	316.92	6.23	9.63	25.14	101371.21	1875	0	
703	16:28:59	4/9/2020 	24044	356.07	6.14	10.42	25.14	101371.21	7404	0	
704	16:28:59	4/9/2020 	24094	300.79	6.19	9.33	25.14	101371.21	1873	0	
705	16:28:59	4/9/2020 	24159	392.54	6.12	11.26	25.14	101371.21	1873	0	
706	16:28:59	4/9/2020 	24243	597.29	10.90	17.66	25.14	101371.21	1873	0	
707	16:28:59	4/9/2020 	24312	337.56	6.51	10.03	25.14	101371.21	3899	0	
708	16:29:00	4/9/2020 	24340	555.03	7.27	16.17	25.13	101371.11	1873	0	
709	16:29:00	4/9/2020 	24435	260.30	6.44	8.62	25.13	101371.11	1872	0	
710	16:29:00	4/9/2020 	24469	705.77	58.62	22.51	25.13	101371.11	1873	0	
711	16:29:00	4/9/2020 	24552	887.27	292.17	39.97	25.13	101371.11	1875	0	
712	16:29:00	4/9/2020 	24596	550.94	7.77	16.03	25.13	101371.11	1874	0	
713	16:29:00	4/9/2020 	24864	461.60	6.61	13.17	25.13	101371.11	1869	0	
714	16:29:00	4/9/2020 	24905	878.65	270.35	38.87	25.13	101371.32	3843	0	
715	16:29:00	4/9/2020 	24978	616.16	14.15	18.36	25.13	101371.32	1875	0	
716	16:29:00	4/9/2020 	24994	379.43	6.38	10.95	25.13	101371.32	1874	0	
717	16:29:00	4/9/2020 	25154	652.83	24.54	19.86	25.13	101371.32	7405	0	
718	16:29:00	4/9/2020 	25332	882.49	277.23	39.36	25.13	101371.32	1875	0	
719	16:29:01	4/9/2020 	25377	262.15	5.89	8.65	25.13	101371.32	1874	0	
720	16:29:01	4/9/2020 	25465	538.96	6.91	15.63	25.13	101371.32	1875	0	
721	16:29:01	4/9/2020 	25524	315.56	6.16	9.60	25.13	101371.41	3841	0	
722	16:29:01	4/9/2020 	25552	613.37	13.18	18.26	25.13	101371.41	1872	0	
723	16:29:01	4/9/2020 	25584	328.71	6.06	9.85	25.13	101371.41	1875	0	
724	16:29:01	4/9/2020 	25607	442.21	6.54	12.60	25.13	101371.41	1874	0	
725	16:29:01	4/9/2020 	25670	709.22	56.09	22.71	25.13	101371.41	1871	0	
726	16:29:01	4/9/2020 	25822	688.81	43.79	21.58	25.13	101371.41	1875	0	
727	16:29:01	4/9/2020 	25844	393.80	6.32	11.30	25.13	101371.41	1874	0	
728	16:29:01	4/9/2020 	25883	482.62	6.53	13.81	25.13	101371.41	3842	0	
729	16:29:01	4/9/2020 	26016	310.52	6.24	9.51	25.13	101371.41	7406	0	
730	16:29:01	4/9/2020 	26323	585.96	8.94	17.25	25.13	101372.06	1873	0	
731	16:29:02	4/9/2020 	26473	506.12	6.81	14.55	25.13	101372.06	1874	0	
732	16:29:02	4/9/2020 	26623	444.46	6.40	12.66	25.13	101372.28	1873	0	
733	16:29:02	4/9/2020 	26711	563.41	8.01	16.46	25.13	101372.28	1872	0	
734	16:29:02	4/9/2020 	26843	462.17	6.21	13.18	25.13	101372.28	1872	0	
735	16:29:02	4/9/2020 	26960	556.09	7.55	16.20	25.13	101372.28	3843	0	
736	16:29:02	4/9/2020 	27013	372.16	6.57	10.78	25.13	101372.28	7404	0	
737	16:29:02	4/9/2020 	27058	295.14	6.27	9.23	25.13	101372.28	1874	0	
738	16:29:03	4/9/2020 	27438	874.57	251.81	38.35	25.12	101372.34	1873	0	
739	16:29:03	4/9/2020 	27474	232.22	5.94	8.11	25.12	101372.34	1876	0	
740	16:29:03	4/9/2020 	27574	710.00	53.23	22.76	25.12	101372.34	1874	0	
741	16:29:03	4/9/2020 	27948	387.43	6.05	11.14	25.12	101372.83	1875	0	
742	16:29:03	4/9/2020 	27987	675.26	40.87	20.90	25.12	101372.83	3843	0	
743	16:29:03	4/9/2020 	28191	514.28	6.58	14.82	25.12	101372.83	7411	0	
744	16:29:04	4/9/2020 	28378	663.43	29.94	20.34	25.12	101373.05	1873	0	
745	16:29:04	4/9/2020 	28489	683.14	38.10	21.29	25.12	101373.05	1876	0	
746	16:29:04	4/9/2020 	28503	244.12	6.03	8.33	25.12	101373.05	1875	0	
747	16:29:04	4/9/2020 	28605	470.60	6.54	13.44	25.12	101373.05	1874	0	
748	16:29:04	4/9/2020 	28808	875.90	254.33	38.51	25.12	101373.05	1873	0	
749	16:29:04	4/9/2020 	28888	758.10	115.39	26.04	25.12	101372.81	3846	0	
750	16:29:04	4/9/2020 	28947	517.88	6.68	14.93	25.12	101372.81	1875	0	
751	16:29:04	4/9/2020 	28981	534.19	6.91	15.47	25.12	101372.81	1871	0	
752	16:29:04	4/9/2020 	29077	618.67	16.06	18.46	25.12	101372.81	7404	0	
753	16:29:04	4/9/2020 	29104	646.93	23.14	19.61	25.12	101372.81	1869	0	
754	16:29:04	4/9/2020 	29107	678.33	32.48	21.05	25.12	101372.81	1875	0	
755	16:29:04	4/9/2020 	29112	400.40	6.17	11.46	25.12	101372.81	1874	0	
756	16:29:04	4/9/2020 	29310	288.71	6.06	9.11	25.12	101372.81	3843	0	
757	16:29:04	4/9/2020 	29316	272.58	6.06	8.83	25.12	101372.81	1874	0	
758	16:29:05	4/9/2020 	29477	377.21	5.74	10.89	25.12	101372.87	1874	0	
759	16:29:05	4/9/2020 	29508	424.84	6.52	12.11	25.12	101372.87	1875	0	
760	16:29:05	4/9/2020 	29558	719.06	61.63	23.31	25.12	101372.87	1872	0	
761	16:29:05	4/9/2020 	29575	407.32	6.62	11.64	25.12	101372.87	1875	0	
762	16:29:05	4/9/2020 	29628	641.42	25.28	19.37	25.12	101372.87	1872	0	
763	16:29:05	4/9/2020 	29732	557.39	7.83	16.25	25.12	101372.87	3845	0	
764	16:29:05	4/9/2020 	29946	509.16	6.54	14.65	25.12	101372.87	1869	0	
