1634	16:23:32.424993	2020/09/21	549753	954.00	301.00	57.22	32.58	103012.52	52423	0	Two	
1635	16:23:32.425920	2020/09/21	550090	69.00	5.00	5.96	32.58	103012.96	52419	0	Two	
1636	16:23:33.325523	2020/09/21	551164	609.00	10.00	14.33	32.58	103012.96	55446	0	Two	
1637	16:23:33.375865	2020/09/21	551214	905.00	91.00	28.33	32.58	103012.96	1825	0	Two	
1638	16:23:33.591783	2020/09/21	551430	126.00	5.00	7.31	32.58	103013.12	1824	0	Two	
1639	16:23:33.809349	2020/09/21	551648	136.00	5.00	7.60	32.58	103013.12	1828	0	Two	
1640	16:23:33.836952	2020/09/21	551675	103.00	5.00	6.67	32.58	103013.12	1829	0	Two	
1641	16:23:33.887273	2020/09/21	551726	870.00	72.00	25.19	32.58	103013.53	1828	0	Two	
1642	16:23:33.902818	2020/09/21	551741	791.00	45.00	21.98	32.58	103013.53	1824	0	Two	
1643	16:23:34.091155	2020/09/21	551930	921.00	111.00	32.16	32.58	103013.53	3841	0	Two	
1644	16:23:34.954075	2020/09/21	552793	625.00	10.00	14.55	32.58	103013.53	52414	0	Two	
1645	16:23:35.339589	2020/09/21	553178	73.00	5.00	6.01	32.58	103013.53	52409	0	Two	
1646	16:23:35.720970	2020/09/21	553559	732.00	27.00	19.49	32.58	103013.53	1823	0	Two	
1647	16:23:35.787791	2020/09/21	553626	601.00	9.00	14.04	32.58	103013.70	1825	0	Two	
1648	16:23:35.938470	2020/09/21	553777	585.00	7.00	13.49	32.59	103014.14	1823	0	Two	
1649	16:23:36.041984	2020/09/21	553880	361.00	6.00	11.66	32.59	103014.14	1823	0	Two	
1650	16:23:36.414690	2020/09/21	554253	64.00	5.00	5.91	32.59	103014.14	54371	0	Two	
1651	16:23:36.487944	2020/09/21	554326	419.00	6.00	12.12	32.59	103014.14	1822	0	Two	
1652	16:23:36.871345	2020/09/21	554710	106.00	5.00	6.75	32.59	103014.30	1822	0	Two	
1653	16:23:37.083559	2020/09/21	554922	62.00	5.00	5.90	32.59	103014.30	1824	0	Two	
1654	16:23:38.006695	2020/09/21	555845	124.00	5.00	7.26	32.59	103014.14	52406	0	Two	
1655	16:23:38.065950	2020/09/21	555904	64.00	5.00	5.91	32.59	103014.14	1824	0	Two	
1656	16:23:38.458738	2020/09/21	556297	509.00	6.00	12.68	32.59	103013.97	52404	0	Two	
1657	16:23:38.511402	2020/09/21	556350	251.00	5.00	10.24	32.59	103013.97	3785	0	Two	
1658	16:23:38.602718	2020/09/21	556441	220.00	5.00	9.68	32.59	103013.97	1823	0	Two	
1659	16:23:38.958519	2020/09/21	556797	352.00	6.00	11.58	32.59	103013.97	1823	0	Two	
1660	16:23:39.040376	2020/09/21	556879	772.00	42.00	21.61	32.59	103013.97	1823	0	Two	
1661	16:23:39.464950	2020/09/21	557303	537.00	6.00	12.89	32.59	103013.81	52412	0	Two	
1662	16:23:39.992164	2020/09/21	557830	231.00	5.00	9.89	32.59	103014.22	1822	0	Two	
